0.0
3.4
8.3
10.4
13.8
17.9
21.2
27.0
28.0
31.7
36.5
40.1
44.2
49.5
52.2
56.1
60.0
62.1
66.1
71.4
76.0
81.1
84.2
88.3
94.4
98.2
102.8
107.7
112.3
120.9
126.9
132.3
140.4
155.8
163.4
170.3
179.6
186.6
193.3
203.6
213.4
224.1
228.2
232.6
237.9
244.8
252.5
254.1
256.2
259.3
268.1
271.0
272.6
273.7
275.7
277.0
279.2
281.0
282.5
284.7
286.3
288.5
292.1
296.5
298.5
300.8
304.2
305.5
307.3
313.5
316.7
322.6
326.9
335.3
339.8
343.7
348.1
354.3
359.0
362.2
369.8
378.2
385.7
392.9
400.3
413.0
419.1
423.1
0.0
3.4
5.6
6.8
14.6
20.0
25.3
29.0
31.9
33.5
35.3
0.0
2.7
5.3
6.5
7.6
8.8
17.6
22.6
27.5
30.6
34.0
37.8
40.1
43.2
56.4
59.2
66.3
68.5
70.6
73.8
79.9
0.0
13.0
32.5
55.5
76.0
87.8
0.0
2.2
3.7
5.6
7.3
8.6
10.2
12.2
13.6
15.1
19.3
25.9
28.9
31.1
35.6
38.8
41.6
44.2
46.3
51.0
53.5
58.0
60.9
62.7
66.1
67.9
69.4
71.5
73.9
76.5
0.0
2.2
5.1
8.0
16.0
22.5
24.7
27.2
29.5
31.7
35.2
38.2
42.7
50.2
56.6
0.0
2.6
0.0
10.6
17.5
23.6
27.7
36.1
41.5
46.6
51.5
54.5
57.4
60.6
65.1
67.3
72.7
77.2
79.1
86.8
92.3
94.7
98.1
102.9
105.7
107.8
113.6
119.1
125.4
130.6
132.8
135.2
144.0
152.9
158.3
164.0
170.8
178.8
182.2
186.4
191.5
195.7
199.6
203.9
211.0
0.0
2.3
4.2
5.9
7.0
0.0
2.3
5.1
7.5
9.0
10.6
15.1
24.2
31.0
34.5
38.2
42.5
44.9
47.4
49.6
50.8
52.4
54.8
0.0
13.1
22.7
27.0
30.5
34.5
43.6
51.3
56.3
61.1
65.6
71.1
73.1
77.2
82.1
90.9
97.0
99.4
105.8
109.8
113.0
120.2
125.1
130.3
132.4
136.9
141.1
143.6
146.5
0.0
7.2
13.7
17.2
20.7
26.6
30.5
35.2
49.1
54.6
60.9
66.7
74.7
81.6
94.8
98.8
108.2
136.3
145.4
152.9
155.9
166.5
168.6
173.4
176.6
180.1
184.9
188.5
194.3
200.8
204.3
212.8
218.2
225.3
231.7
243.5
250.1
257.3
261.3
265.1
274.8
281.1
286.5
288.6
299.0
300.8
305.7
308.4
311.3
312.5
317.0
331.7
340.9
350.1
355.0
365.6
375.2
382.2
392.3
398.9
406.0
414.5
424.8
428.8
433.6
438.2
442.3
443.8
0.0
2.5
5.2
7.3
10.2
13.9
17.4
19.5
25.9
32.0
36.0
38.0
40.4
44.9
50.5
57.2
64.9
73.9
78.9
82.2
88.3
92.7
101.9
109.7
113.0
120.8
128.8
132.7
137.7
152.7
156.2
158.2
169.1
173.7
176.3
181.0
183.7
185.9
187.3
194.6
206.1
213.1
218.1
225.9
234.0
0.0
7.4
14.7
17.1
24.3
31.3
36.7
45.2
55.8
62.3
70.5
79.2
86.4
100.9
109.2
117.0
122.1
124.3
128.9
140.4
146.1
149.3
154.7
157.5
160.0
164.8
166.2
0.0
3.8
8.8
11.2
14.4
17.8
20.7
28.3
34.5
40.0
44.2
50.1
52.2
56.2
57.5
60.2
61.0
62.7
64.0
66.8
0.0
1.8
3.7
9.3
11.4
14.7
17.1
20.2
22.8
28.4
36.3
41.4
45.2
50.2
53.9
58.3
61.7
64.5
68.1
72.6
76.2
80.2
89.3
91.2
93.3
95.6
98.3
101.9
105.0
112.1
117.9
121.5
124.7
129.3
135.6
153.6
161.9
170.3
175.8
178.0
183.7
189.7
191.6
194.6
199.4
207.2
215.9
220.9
230.9
236.7
245.0
256.7
259.4
0.0
2.0
2.9
4.1
5.6
7.2
8.4
9.9
10.6
11.9
13.3
14.2
15.4
17.2
18.3
19.0
20.6
20.6
21.4
21.9
23.0
24.1
24.7
25.7
26.4
27.7
27.7
28.5
29.6
30.8
32.3
34.5
0.0
1.8
3.5
5.5
0.0
1.5
3.1
5.5
6.8
8.2
10.6
11.8
13.5
15.1
16.2
18.0
0.0
3.7
6.3
7.7
12.4
16.1
18.7
20.9
23.8
27.0
30.6
0.0
1.3
2.6
3.4
4.3
5.8
6.6
7.9
8.6
9.6
10.3
11.7
12.8
14.7
16.1
17.3
18.7
20.6
22.5
24.1
25.7
27.4
29.1
31.4
32.8
34.5
37.5
40.8
43.1
47.4
49.8
53.1
62.6
66.3
69.8
74.0
77.6
81.2
85.3
87.8
93.9
100.4
106.5
112.5
116.9
120.1
122.2
125.0
127.8
131.2
134.1
138.6
142.7
147.0
151.2
154.7
160.1
166.3
173.7
178.2
182.9
186.1
188.0
195.2
201.9
206.3
210.4
218.2
222.1
0.0
3.5
9.5
13.8
17.8
27.7
0.0
1.7
3.9
7.4
13.0
15.7
19.7
22.8
27.8
29.8
31.7
35.4
39.2
43.5
47.0
48.2
51.3
53.4
55.4
57.5
61.6
64.0
65.9
68.9
71.8
0.0
1.7
2.6
4.1
5.3
6.6
7.5
9.2
10.5
12.7
13.9
14.9
16.2
17.3
19.5
20.8
22.4
24.1
25.5
27.9
28.8
30.1
31.6
33.0
34.3
35.5
0.0
1.1
2.0
4.1
0.0
1.9
2.7
3.6
5.0
6.9
8.6
9.6
11.7
14.1
15.9
17.2
18.5
20.6
21.4
22.4
23.6
24.5
25.9
27.2
30.0
31.6
33.8
35.2
37.2
0.0
1.1
2.0
3.5
5.7
7.2
11.1
0.0
3.1
5.1
9.9
12.7
15.7
20.5
25.6
31.1
36.9
39.6
44.8
52.8
56.3
60.3
63.9
68.4
71.1
75.9
80.0
84.7
88.4
92.0
0.0
5.4
10.8
15.2
19.3
26.6
31.1
38.2
42.7
47.3
52.9
56.9
63.3
69.1
74.9
78.1
81.9
84.4
0.0
4.0
8.2
9.9
11.8
16.4
20.0
24.3
27.3
29.6
34.4
41.0
45.8
50.1
55.7
59.7
64.2
70.3
74.7
0.0
1.2
2.3
4.8
6.3
8.2
10.0
12.8
15.4
17.4
19.0
20.6
23.2
25.0
26.7
29.6
31.6
33.2
35.9
37.8
39.2
40.1
43.4
46.9
51.1
55.3
59.3
62.2
65.9
71.7
76.9
82.5
86.8
90.6
93.7
98.8
103.6
106.3
109.2
111.8
117.3
120.5
0.0
1.5
2.3
3.4
4.3
0.0
3.4
5.6
9.3
15.1
20.5
24.4
27.5
31.3
38.3
42.0
46.6
50.7
55.1
60.2
64.0
67.5
70.8
73.7
79.8
82.1
85.9
91.7
96.6
98.6
102.2
106.8
111.4
116.0
119.4
0.0
1.4
3.8
8.8
12.6
18.1
22.9
25.3
27.7
31.4
34.3
38.9
43.0
46.2
49.3
52.1
53.7
57.2
60.5
65.4
70.9
74.5
77.2
80.5
84.3
87.7
93.3
0.0
6.4
13.1
20.0
25.5
31.6
36.1
40.0
43.6
47.5
52.7
57.7
62.9
66.2
71.0
75.4
0.0
5.1
9.7
14.6
18.9
20.8
24.0
26.6
29.5
32.9
0.0
9.8
10.8
0.0
3.3
5.8
9.6
13.8
0.0
3.0
5.2
10.4
14.2
17.4
0.0
2.6
4.2
6.1
9.3
10.8
13.9
15.2
18.2
20.0
22.6
25.7
28.3
32.2
0.0
1.2
2.8
5.4
7.4
10.6
12.7
16.1
18.2
22.6
26.0
28.3
31.7
33.7
35.3
39.0
43.0
0.0
5.9
0.0
5.4
0.0
1.3
2.0
3.0
3.6
4.7
5.8
6.3
7.1
8.8
9.9
11.4
13.2
15.8
17.8
19.7
22.5
24.2
26.0
27.6
28.7
30.3
33.3
35.4
39.2
43.5
45.9
48.9
51.6
57.2
64.7
69.4
73.3
80.6
88.1
90.7
95.4
101.8
109.5
115.7
121.2
127.1
131.6
135.5
141.8
146.6
151.8
157.8
163.3
167.3
171.5
176.7
182.0
185.4
188.2
192.9
197.4
203.4
208.8
215.1
221.8
226.7
232.4
236.9
240.7
246.6
250.3
254.5
259.5
264.0
269.4
272.8
278.8
281.9
285.9
289.3
294.9
298.6
306.8
311.0
315.3
320.1
323.1
327.7
334.2
337.9
341.4
344.1
346.3
347.3
351.8
355.8
359.9
362.2
363.5
365.2
375.2
377.2
381.6
386.6
391.5
395.0
401.1
407.8
411.5
416.2
423.5
427.0
431.2
434.4
437.8
445.1
448.0
452.3
459.9
465.1
470.1
477.7
481.1
487.5
492.2
500.0
505.7
511.4
516.8
518.6
521.5
525.1
529.6
533.5
535.3
0.0
6.9
11.1
16.3
21.0
27.6
31.5
38.4
45.0
51.4
57.9
62.6
68.6
72.4
78.8
83.7
86.8
88.8
90.2
96.0
0.0
2.5
4.2
0.0
2.6
7.6
0.0
1.2
3.4
5.2
7.7
9.9
11.8
15.7
17.8
19.1
20.7
22.0
24.5
26.9
29.2
31.3
34.0
37.4
43.4
45.5
50.6
54.5
57.2
63.8
69.9
76.4
80.0
86.5
91.9
98.8
103.5
109.3
113.4
115.3
121.1
125.3
130.0
137.4
142.0
146.9
152.4
156.6
162.5
167.0
171.6
178.7
183.2
187.8
195.0
201.5
205.0
209.4
214.8
219.2
224.0
227.6
232.4
237.8
240.9
247.8
253.0
257.9
263.7
268.6
273.5
277.5
282.4
286.9
294.4
301.1
307.0
311.4
315.8
321.2
325.7
329.6
334.6
337.8
343.1
0.0
1.9
4.1
6.5
7.8
9.0
10.1
13.4
16.7
18.1
23.4
28.8
32.5
35.2
37.9
40.7
44.1
47.3
51.8
55.6
62.0
66.9
71.0
73.8
74.9
81.3
86.4
88.8
90.5
97.0
100.0
105.3
110.1
112.6
115.3
122.2
126.0
128.9
132.1
137.5
0.0
2.5
3.6
6.7
8.2
9.5
0.0
3.9
5.9
8.3
12.7
15.3
17.5
20.4
0
4.8
14.3
22.4
28.2
33.9
40.5
0.0
4.9
6.6
8.3
10.4
12.5
16.2
22.3
25.9
29.6
32.8
37.0
40.1
43.3
48.5
50.2
0
3.2
4.8
6.5
7.5
8.6
10.1
12.7
15.2
20.6
23.7
25.3
28.7
30.8
33.8
41.5
42.5
48.7
52.4
54.9
58
60.9
62.8
0.0
0.5
1.3
2.4
3.2
4.0
5.6
7.7
8.6
10.3
12.6
14.4
15.2
16.0
17.2
20.3
23.2
25.5
27.3
28.6
30.8
32.4
34.0
37.2
38.8
41.4
42.8
44.3
47.8
48.8
50.2
0
3.5
6.2
12.8
17.1
21.2
23.7
27.9
30.9
35.9
37
38.3
42.4
44.9
0
3.2
6.2
10.3
13.6
17.5
22.3
29.5
33.7
38.2
42.3
44.9
46.7
48.7
51.5
54.6
58.3
61.6
63.3
65.6
68.3
69.6
72.8
0
5.7
13.7
17.5
21.3
23.3
26.1
30.6
39.8
43.4
47.6
49.7
55.3
62
64.2
69.5
79.5
82.5
85.4
88.3
92.8
97.1
100.2
103.1
105.7
0
2.1
5.2
8.4
12.1
14.3
18.1
20.3
28.8
35.2
39.1
44.3
49.6
51.6
53.4
56.6
61.1
0
6
10.5
16
18.7
22
28.6
34.4
40.1
44.4
52.8
55.3
58.8
61.6
64.6
67.9
70.2
72
75.6
0
3.5
6.4
8.3
12.7
15.9
21.7
25.1
31.2
33.6
36.4
39.3
41.1
46
50.3
53.8
56.6
61.2
65.4
73.7
79.6
83.2
86.5
90.2
0
2.8
4.9
9.9
19.2
27.6
35.6
43.6
52.2
61.5
65.7
73.5
82.6
87
91.5
94.2
98.8
102.1
104.1
111.3
117.5
128.6
130.8
133.6
140
141.8
145.2
149.2
151.4
157.5
0
4.3
7.2
10
15.8
25.8
31
33.8
38.4
0
4.9
9
13.7
15.6
17.8
25
30
33.6
37.6
40.3
49.1
55.8
59.9
64.2
66.1
69.7
74.4
77.7
82.2
84.6
86.6
89.6
92.1
98.6
103.3
106.9
0
1.7
3.4
5.5
7.3
9
10.3
11.8
16.2
17.5
19.6
21.8
24.8
25.8
27.5
29.5
32.1
34.2
38.1
40
43.1
45.8
48.4
54.4
61.7
64.9
0
2.8
9.6
23
30.1
36
42.7
47.7
53.2
55.5
58.4
0.0
4.8
10.3
18.3
26.3
36.7
40.1
46.6
49.9
54.3
58.7
62.5
69.5
73.7
79.8
85.6
0
7.9
11.8
15.4
20.8
25
27.3
29.3
31
33.4
36.7
41.1
45.6
51.2
57.2
60
64.6
70.1
73.2
75.1
77.5
79.5
81.2
9.9
97.2
101
106.2
111.3
118
121.3
128.4
133.6
137
144.4
148.6
152.5
155.6
158.4
161.9
165.7
167.5
170
172.8
175.6
0.0
0.8
1.9
3.1
4.6
6.8
9.2
11.4
14.4
18.2
21.7
24.8
27.0
28.8
31.8
36.7
40.9
46.5
51.1
54.8
58.6
63.8
67.8
73.1
77.7
80.8
83.9
86.0
90.4
95.8
99.1
104.6
0.0
3.6
10.0
12.7
17.8
0
2.2
4.8
6.1
7.8
10.9
13.5
15.9
17.9
20.2
22.9
25.7
28.4
29.2
31
33.8
35.7
38.6
40
42.6
0
2
3
3.8
5
7.1
9.5
11.1
14.1
16
18.5
22.1
0.0
2.3
4.5
8.4
10.4
13.8
15.9
19.3
23.9
0.0
0.9
1.5
2.4
3.0
3.5
4.1
5.7
6.4
7.0
0.0
0.9
1.7
0.0
1.0
0
1.3
3.4
5.1
7.2
8.6
10
11.6
14.2
15.9
18.9
20.6
23.5
24.8
26.9
28.4
31.3
33.3
0.0
1.2
6.0
8.7
13.0
16.9
0.0
2.8
4.0
7.3
12.1
17.7
21.1
27.5
30.5
36.3
41.3
46.5
53.6
59.0
62.7
69.3
80.1
87.4
91.1
94.2
100.6
104.6
105.6
107.9
111.8
118.4
123.9
127.0
132.2
134.7
138.1
142.8
149.4
156.6
162.6
0.0
1.8
0.0
5.5
7.7
11.9
13.7
16.4
19.8
22.9
26.3
28.0
30.5
36.4
42.3
44.5
46.7
49.6
52.5
55.6
0.0
2.2
3.9
6.9
8.8
14.6
19.2
20.5
23.8
27.5
31.1
35.4
37.6
39.7
41.8
44.7
46.6
49.7
52.5
54.9
57.9
62.1
64.5
67.5
70.4
75.3
78.4
82.8
88.1
93.2
96.7
0.0
1.3
3.1
6.5
11.3
14.8
16.8
18.9
21.6
26.0
29.7
33.3
36.9
39.6
41.5
43.7
45.4
51.2
55.1
58.3
60.8
63.6
70.0
73.2
75.4
80.9
83.9
88.4
95.0
109.2
112.4
115.6
118.7
123.1
127.0
129.5
131.6
135.2
0.0
2.4
6.4
10.6
17.6
22.7
23.9
29.7
0.0
2.1
4.3
6.4
9.3
13.2
16.1
20.1
27.9
34.4
38.2
46.6
53.0
61.3
67.6
70.5
73.9
75.6
77.6
81.5
84.3
87.0
91.4
93.7
95.5
98.3
101.9
107.8
111.7
113.9
116.9
120.6
123.6
126.5
129.1
132.4
135.1
140.1
144.8
147.6
151.7
154.3
157.3
159.8
164.2
168.7
172.8
175.4
178.9
180.5
184.3
188.1
192.2
195.4
199.1
202.2
205.4
206.9
209.2
214.1
216.5
220.6
0.0
1.6
5.0
6.6
9.9
12.8
15.0
18.7
22.7
24.8
29.4
32.4
36.2
39.0
41.5
45.8
47.8
49.8
51.7
53.8
57.8
62.4
64.9
68.7
70.3
72.3
74.4
76.3
77.7
79.2
80.7
83.8
0.0
2.3
4.9
8.0
10.3
12.9
15.4
17.4
0.0
7.1
12.2
17.5
23.4
31.5
34.9
39.4
42.1
44.8
48.3
49.9
51.7
53.9
56.5
57.8
59.5
60.9
62.1
64.1
65.5
66.5
68.4
70.6
71.5
72.4
73.8
75.3
76.4
77.4
78.9
0.0
0.7
2.6
3.8
5.2
6.8
8.4
10.4
11.4
14.2
16.2
18.4
19.9
22.8
23.8
26.0
28.6
30.9
34.0
35.1
37.2
39.4
41.6
42.9
46.3
47.9
52.8
55.2
56.7
59.7
61.6
65.4
68.7
70.1
0.0
3.8
6.8
8.8
10.9
13.3
21.6
28.2
37.2
40.9
45.0
48.3
54.2
62.9
66.7
0
3.8
6.9
14.6
21.2
24.5
28.8
34.8
40.1
45.6
49.9
56.1
61.6
64.4
68.3
75
77.8
81.8
87.1
89
91.9
93.6
94.9
97
100.4
103.4
106.3
108.1
110.6
113.5
121.5
126.9
130.8
133.7
140.3
148.6
154.2
161.3
164
173.2
180.3
185.8
194.4
198.4
204.4
207.1
210.4
214.5
217.8
221.2
224.4
228.3
234.7
239.8
247
253
260.6
265.4
271.9
280
285.4
292.3
298.7
302.3
305.8
308.3
311.7
314.9
318.9
322.2
323.6
327.5
333
338.4
345.1
349.4
352.5
355.4
360.3
365.5
372.2
379.5
384.9
388.1
393.5
397.7
402.9
409.4
416.5
422.3
427.2
432
435.3
440.7
447.1
449.8
453.4
456.6
462.1
467.2
473.4
478.8
480.6
484.5
0
3.1
6.5
9.6
12.5
16.9
19.4
23
27.3
30.1
34.7
43.9
50
54.7
58.3
67.8
73.1
79.7
83.5
90.7
0
0
3.1
6.5
9.5
11
13.5
15.3
16.4
19.3
22.3
24.3
13
5.9
4.4
0
5.1
8.3
10.4
13.2
14.9
18.9
23.7
26.6
0
6.1
10.2
13.9
17.8
21.5
26
30.3
35.3
39.1
44.7
48
51.6
55.2
59.4
71.4
78.3
82.6
87.5
92.8
95.9
101
105.4
109.8
115.7
120.1
123.2
128.9
133.4
136.6
139.4
142.6
146
151.1
154.7
157.4
160.4
163.7
166.9
173.3
175.9
179.1
186.1
189.7
194.8
198.5
203.4
209.2
214.7
217.8
223.1
228.9
236
240.7
243.7
248.3
250.2
251.8
258.4
261.7
265.7
269
271.7
0
1.9
5
7
9.6
11.5
15
18
21
24.3
27.3
0
7.5
10.6
12.9
17
24.8
31.1
34.9
38.9
0.0
4.5
6.6
9.4
12.1
15.9
19.1
21.9
24.8
25.8
28.6
32.4
38.8
42.7
44.9
50.0
55.3
61.1
62.8
65.6
69.5
71.5
75.0
81.0
82.8
89.2
94.1
0
3.9
6.1
9.3
11.2
14.1
18
22.7
24.5
26.1
29.1
39.9
42.3
44.7
46.6
50.9
53.6
56
57.9
61.4
66.9
70.8
72.9
76
79
83.9
86
90.6
93.3
97.4
103.8
108.3
111
114.5
116.9
119.5
125.7
131.7
134.1
138.9
141.9
144.7
147.2
150.8
153.5
0.0
6.0
9.7
11.5
13.1
14.7
16.8
19.1
21.1
23.4
27.0
31.4
35.0
46.6
48.6
51.0
52.7
55.8
0.0
3.6
30.3
80.6
109.5
157.8
185.4
226.7
272.8
306.8
351.8
395.0
416.2
445.1
470.1
487.5
500.0
535.5
566.4
601.0
631.9
674.9
0.0
34.4
55.7
74.7
121.3
168.9
198.6
240.3
263.5
303.6
0.0
18.5
41.8
59.4
84.2
117.4
0.0
9.9
16.1
21.6
25.7
28.2
32.8
36.7
41.6
45.1
47.9
50.3
53.8
59.7
64.4
69.6
73.1
75.6
79.9
82.0
89.1
92.4
95.7
100.3
103.2
108.3
117.6
124.7
130.0
133.5
141.3
144.2
148.1
152.5
157.8
162.9
165.2
168.3
172.0
177.8
182.1
189.0
193.8
197.5
200.6
203.7
206.0
208.3
210.9
213.9
221.3
225.5
229.1
231.7
233.5
235.1
237.0
238.9
241.9
244.9
247.2
249.0
252.2
256.2
258.1
259.0
261.4
265.4
269.2
272.5
278.5
284.0
291.7
294.9
297.7
305.4
313.5
319.2
326.3
330.6
335.2
341.3
0.0
3.4
5.0
0.0
3.8
6.5
8.3
10.2
13.1
15.9
20.0
24.6
28.9
35.5
38.2
40.6
45.3
50.7
53.5
55.6
57.8
60.2
0.0
1.5
2.8
5.6
8.0
9.3
10.7
11.9
16.9
19.2
24.0
26.3
29.4
31.9
34.1
39.8
43.5
45.7
50.2
51.7
54.1
56.1
58.8
60.3
61.8
66.8
69.8
70.7
71.7
72.8
76.3
77.5
78.9
81.2
83.1
84.0
86.3
87.2
88.4
0.0
1.7
3.1
4.6
6.8
10.2
12.8
14.6
16.3
19.3
0.0
1.5
2.2
4.4
6.6
8.7
12.0
14.4
15.4
17.0
19.7
21.6
22.6
23.8
25.0
27.9
29.3
30.8
32.1
35.6
38.0
40.6
42.9
45.2
50.1
51.2
55.4
56.0
57.3
58.5
59.9
62.4
63.5
68.5
70.5
73.3
74.3
80.8
83.8
87.8
90.1
91.7
93.8
98.5
102.2
104.2
107.9
111.3
113.6
114.8
116.2
117.5
119.4
121.2
122.6
123.7
124.8
125.8
127.8
129.4
130.2
131.2
133.9
135.7
136.9
139.6
140.6
143.2
147.0
148.3
150.8
152.4
155.2
158.0
160.2
163.0
164.5
165.7
167.1
169.2
170.5
173.5
174.6
178.1
179.0
181.1
183.3
185.7
187.2
189.8
191.7
193.5
194.7
195.8
0.0
4.2
7.2
10.4
13.2
17.3
22.5
27.3
30.3
34.1
37.9
43.2
53.1
61.7
66.7
75.7
88.3
93.5
96.7
100.8
105.4
108.8
115.9
123.2
129.5
136.4
141.0
147.6
151.3
153.6
156.0
161.7
166.6
176.5
180.5
189.2
0.0
4.2
8.9
14.1
19.3
21.1
27.7
33.4
36.2
41.7
49.0
55.6
60.4
63.7
66.7
70.4
75.9
82.2
85.0
91.1
94.9
101.3
106.5
111.9
117.3
124.7
131.6
138.6
143.2
146.7
150.8
154.0
156.7
159.8
162.5
165.0
167.7
169.2
171.5
174.8
0.0
3.2
4.8
7.9
9.4
12.8
15.4
17.8
0.0
5.5
12.1
15.5
19.3
23.4
29.1
34.6
37.6
42.5
46.4
49.6
55.1
60.8
67.9
73.0
77.1
82.2
86.9
89.5
98.4
105.9
112.2
116.6
123.3
127.4
134.4
138.5
142.6
146.8
150.8
153.2
155.2
157.6
159.6
164.1
165.6
168.4
173.8
176.6
180.2
0.0
3.3
7.0
11.0
13.2
15.0
17.9
21.4
23.7
25.4
29.1
0.0
4.2
7.0
11.7
13.0
15.6
18.5
21.3
23.3
25.8
29.5
33.8
36.6
39.7
43.5
0.0
3.8
7.5
9.3
12.2
16.4
19.6
23.8
28.5
31.7
33.0
37.2
40.4
44.1
47.5
50.9
55.3
59.9
0
6.8
28.8
83.9
104.6
120.7
146.2
180.2
229.3
257.1
293.6
336.3
366
396.3
445.9
513.6
552.6
0.0
2.4
4.7
7.7
12.8
15.6
18.2
22.4
26.5
31.4
39.2
45.9
62.5
65.1
68.7
72.2
76.7
81.0
86.2
89.4
94.1
97.3
99.9
105.8
108.1
111.8
117.6
121.4
124.5
130.2
134.3
137.5
142.4
148.2
151.0
154.0
157.0
158.8
162.8
167.2
170.5
172.9
176.6
179.2
182.1
188.2
194.5
201.3
208.5
212.0
217.3
221.0
224.7
231.3
236.1
242.7
247.6
253.1
256.6
261.6
267.9
271.9
276.1
280.0
285.2
289.9
294.6
303.2
308.5
315.1
319.4
322.9
328.0
335.5
339.7
343.9
347.3
353.9
0.0
4.0
8.4
14.9
21.7
25.3
30.2
32.1
35.3
0.0
7.0
11.3
15.8
19.5
24.4
28.7
30.4
33.0
36.6
0.0
0.7
2.3
3.5
4.5
5.8
6.4
6.9
7.5
8.0
0.0
1.7
4.1
7.3
9.0
10.9
13.5
16.5
0.0
3.3
4.6
7.3
10.7
13.3
15.5
17.0
19.4
22.0
24.7
27.5
29.9
0.0
1.8
2.9
5.1
8.8
11.8
14.4
17.8
20.9
24.2
26.7
29.7
33.8
37.5
41.1
43.9
46.1
48.9
54.4
59.5
0
2.3
3.7
5.7
8.3
11.4
12.6
14.6
17.5
19.5
22.2
24.4
27.6
29.4
31.4
34.3
35.7
38.8
39.8
42.3
48.8
52.5
0.0
6.0
9.3
12.4
16.1
19.8
24.9
28.4
32.4
38.0
41.1
43.2
45.5
48.0
50.7
53.2
56.0
57.7
62.2
67.7
67.7
70.2
73.0
74.1
77.8
81.8
84.0
89.3
92.2
95.9
98.8
100.5
102.9
106.0
106.7
110.5
110.5
113.9
118.2
121.2
123.4
125.9
127.4
129.7
131.1
132.6
134.2
136.4
138.7
141.1
141.9
143.6
0.0
3.3
7.7
12.7
17.9
21.4
24.7
27.3
29.3
33.3
35.4
38.8
43.3
46.2
49.5
53.2
57.2
61.8
65.7
68.9
71.4
73.5
78.2
84.3
0.0
5.4
8.5
11.1
14.5
17.7
19.8
22.5
24.9
27.3
30.0
32.2
34.5
40.9
45.0
48.3
53.2
58.0
61.2
68.3
74.1
0.0
5.3
7.4
10.5
12.5
15.3
20.5
24.3
27.6
32.7
36.7
0.0
1.6
4.4
7.4
9.4
10.7
12.7
14.5
16.6
18.4
19.8
22.7
24.1
25.1
27.5
29.7
32.0
33.6
34.7
0.0
5.7
11.1
20.0
26.2
30.6
34.6
41.9
44.9
48.9
54.3
61.0
67.0
70.2
74.0
78.8
82.6
85.8
89.4
91.2
94.1
96.5
98.9
100.6
103.2
104.4
106.1
107.6
109.1
111.5
112.5
113.7
115.0
0.0
1.0
2.4
3.6
5.2
7.0
8.2
8.8
10.0
11.0
12.0
13.2
14.0
14.9
15.8
16.7
17.5
19.3
20.1
21.7
0
1.7
3.3
3.9
4.9
6.9
7.6
9.2
0
2.4
3.2
4.1
0
2.5
3.9
5.8
7.9
11
14.5
17.8
19.7
21.9
25.1
30.1
33.7
36.9
39.7
44
48.2
50.2
53.5
56.1
58.4
60.7
68.7
73
80
83.2
87.5
94
98.2
106.5
0.0
1.9
4.8
7.3
9.6
12.6
14.3
15.9
18.0
19.7
21.7
24.7
27.3
29.4
0.0
2.2
5.1
7.4
9.6
10.5
12.4
14.5
17.0
18.6
20.2
21.8
25.0
27.1
28.8
30.1
32.0
33.3
35.5
37.9
39.8
41.6
43.2
44.8
0.0
2.6
4.5
6.6
8.7
11.5
14.9
17.6
19.4
20.9
24.9
31.6
35.8
37.5
41.5
43.6
45.5
48.4
51.0
53.4
55.0
57.1
58.6
61.7
63.6
66.4
67.6
70.2
72.4
74.6
75.7
78.0
80.3
81.8
83.3
87.9
0.0
1.5
3.0
3.9
4.7
5.9
6.9
7.9
8.8
10.2
11.1
12.4
13.7
15.1
16.3
18.0
19.4
20.9
23.9
25.1
26.6
28.1
30.0
31.5
33.0
34.9
36.3
38.6
40.5
43.3
45.2
53.3
57.2
60.2
61.3
0.0
1.7
0.0
4.2
11.1
0.0
4.7
6.4
8.5
12.8
13.7
14.9
17.6
19.7
20.9
24.8
28.8
34.8
38.7
41.6
47.4
49.2
53.5
56.2
61.8
64.8
73.8
81.0
87.1
92.3
95.2
99.5
103.0
105.2
109.3
114.3
119.4
125.3
129.1
133.4
140.2
144.5
146.1
149.0
154.3
161.7
163.7
167.1
171.0
175.4
177.9
180.9
183.6
187.5
190.3
192.1
195.7
198.6
200.7
202.5
204.0
0.0
1.8
4.1
5.1
6.0
7.3
10.2
13.1
15.1
17.0
19.4
22.8
25.6
29.1
32.2
35.5
39.1
42.4
46.4
48.4
50.5
54.8
59.4
62.2
65.1
71.0
75.5
83.1
89.6
102.4
109.5
114.8
119.4
123.5
128.0
132.7
136.1
138.9
140.8
143.4
146.8
149.9
154.6
159.3
163.3
168.6
174.9
178.4
182.4
187.1
194.2
197.5
201.7
207.5
212.4
215.3
221.8
230.9
233.3
242.8
255.1
259.5
263.9
268.3
272.9
278.9
289.5
292.4
294.4
298.3
300.6
302.4
304.7
307.7
310.2
314.4
316.8
320.2
321.8
324.8
326.5
328.3
331.4
336.4
340.8
342.3
346.1
350.7
353.4
358.6
361.6
366.8
371.9
376.4
379.2
385.4
390.9
395.9
400.7
406.9
411.5
414.9
419.0
421.9
425.7
434.2
441.4
449.2
454.0
459.2
463.2
467.7
478.0
484.5
488.0
494.3
502.6
508.8
515.0
520.9
524.6
528.1
0.0
2.7
0
2.5
4.8
7.4
11.5
13.7
16.6
19.2
21.3
24.2
27.3
28.4
31.2
32.3
34.6
36.1
38.5
42
43.8
46.3
48.5
0
1.7
4.3
6
8.2
11.2
13.2
17.1
20.6
24.5
27.7
29.6
35.9
43.6
51.9
55.6
59.9
65.7
0
3.8
6.1
7.7
9.9
14.9
17.8
22.1
27.6
31.2
36.6
42.5
45.9
50.9
57.6
63
66.4
70.4
74.3
77.3
79.3
83.7
86.3
90.8
95.6
98.3
103.9
110.9
114.6
118.9
123.8
128.6
134.7
141.2
145
149.8
158.1
0
3
7.8
10.5
12.9
14.5
16.4
19.6
22.1
27.7
31
32.3
34.5
38.5
42.3
45.9
48
51.2
54.1
57.4
0
2.3
5.1
7.5
11.4
16.7
19.7
27
30.3
36.5
40.5
43.5
45.5
49.1
53.4
56.8
58.7
0
1.9
3.3
6.5
8.4
11
13.4
16.2
18.8
20.4
0
2.5
4.5
8.3
10.2
11.9
13.2
14.9
18.1
20.9
22.8
24.1
26.6
30.3
32.8
0
2.9
5.6
9.7
12.9
31
0
7.3
10.7
15.3
19
22.7
29.6
34
38.8
42.7
47.4
50.8
55.2
59.7
64.4
68.3
70.8
77
82.8
86.7
91.6
95.4
98.9
103.7
111.3
116
118.1
122.3
127.3
132.3
138.4
141.4
143.2
0
3.9
6.4
10
13.6
18.8
25.3
29
33.6
37.8
44.6
50.2
53.2
57.4
62.3
68.5
70.5
72.2
75.2
80.1
83.2
84.7
88
90.3
91.9
99.6
102.2
106.5
109.9
116.1
122
126
129.5
134
136.3
138.5
140.7
143.5
144.9
146.8
149.3
152.1
156.9
157.5
159.1
0
1.8
6.1
8.4
10.4
11.3
13.4
14.6
16
17
18.8
20
21.7
22.7
23.6
27.9
31.8
34.9
42.4
46.6
50.3
54.7
57.1
62.3
67.3
73.6
78
79.5
82.8
85.1
0
5.1
11.8
17.2
20
21.8
25.3
30
34.7
37.9
44.2
48.7
52.8
57.6
60.2
61.5
62.9
67
68.7
71
72.2
74.3
75.6
77.1
79.3
81.8
84.4
87
89.3
91.1
93.4
0.0
1.1
2.6
3.9
5.3
6.5
7.3
8.0
9.6
11.2
12.6
14.0
0
3.7
5.6
7.5
8.5
15.2
17.1
20.6
24.4
28.8
31.1
33.3
34.7
38
39.8
43.7
47.1
0
1
2.7
4.6
7.3
8.6
10.3
12.7
13.9
15.5
20.2
28.9
32.3
35.5
38.6
41.4
43.9
46.4
49.9
52.8
62.9
66.1
72.8
77.5
80.6
84.7
89.6
93.9
0
2.5
3.2
4.5
6.5
7.1
8.3
9.7
11.6
0
1.3
2.3
0
2.8
5.9
7.5
8.8
10.2
12.7
15.2
18.9
20.7
22.5
23.7
25.3
26
27.1
28.9
30.3
32
33.2
0
2
4.2
10.2
13.2
16.9
19.4
22.3
27.2
37.1
41
43.3
46
0.0
2.5
4.2
5.8
6.9
8.6
10.3
14.3
18.1
20.2
23.4
25.2
28.2
32.3
34.2
38.2
41.9
44.3
47.1
51.9
58.6
60.7
65.5
69.0
76.2
80.3
82.8
88.5
95.2
102.4
109.8
115.6
119.0
124.2
131.2
138.7
142.4
148.4
153.7
158.0
166.0
173.4
175.7
180.0
185.4
187.2
191.8
197.9
199.8
204.2
207.5
211.9
214.8
219.1
230.3
234.5
235.8
239.6
244.7
247.6
252.8
258.9
264.6
270.1
275.2
280.1
285.8
287.6
291.3
295.5
297.7
303.6
304.7
308.8
312.7
318.2
321.2
323.0
331.8
336.6
342.2
345.3
351.9
354.6
358.5
364.5
368.9
373.0
379.1
384.6
389.4
391.4
393.5
400.1
404.0
411.5
413.7
417.2
420.2
422.8
428.9
431.9
434.8
437.9
440.8
443.6
448.0
454.3
458.7
460.5
463.3
465.6
469.7
473.3
478.7
482.8
487.6
492.6
497.6
502.7
507.2
514.5
524.3
528.0
533.8
540.4
549.2
555.6
560.2
564.5
569.1
572.0
575.8
578.2
583.9
588.1
594.5
599.6
604.9
609.0
613.5
617.9
622.1
627.4
631.1
635.1
639.9
643.5
645.7
650.2
652.9
655.4
658.8
662.7
665.6
668.2
669.6
670.7
673.8
0.0
2.2
0.0
5.3
8.2
15.5
19.5
26.4
0
4.3
8.2
10.3
14.1
17.4
19.8
21.1
24.9
31.9
35.6
38.5
48.5
52
55.8
59.3
61.5
66.7
70.8
73.4
0
1
1.5
2.2
3.3
5.3
7.2
9.7
11.1
12.7
13.2
14.3
15
16.3
17.2
17.9
0
3.6
8.7
11.8
13.9
17.5
21.1
24.8
31.5
37.4
41.5
45.9
52.3
56.3
63.3
69.7
75.3
81.9
0
1.1
3.4
7
13.9
19.3
22.3
25.8
28.9
32.6
34.6
37.6
39.8
42.7
45
48.1
50.1
53.8
59.6
62.8
68.4
74.8
78.2
79.7
83.2
84.9
89.7
93.3
95.1
97
98.4
100.6
103.1
106.1
108.1
515.4
548
570.2
601.3
621.3
676.3
702.1
733.1
750.5
761
791.9
821.2
865.4
903.5
944.6
968.7
992.5
1013.2
1069.1
0
8.5
0.0
3.4
6.1
9.5
11.9
14.2
16.6
18.6
21.3
25.9
28.5
30.1
32.7
36.5
39.5
42.0
44.5
47.0
50.0
52.4
56.5
62.0
66.4
72.2
77.6
81.7
85.9
88.6
92.2
99.4
103.1
107.9
114.3
117.8
120.3
121.6
124.5
126.8
130.2
137.8
141.6
144.9
149.6
152.3
156.4
161.9
165.9
170.6
173.8
176.9
179.1
180.3
182.3
184.9
187.0
190.7
194.4
197.9
200.3
203.0
204.8
206.0
208.5
213.9
217.1
222.4
225.0
228.2
233.1
235.9
239.3
241.7
243.4
245.7
249.5
251.6
253.5
260.6
262.8
267.5
272.4
275.4
277.4
280.0
286.6
289.3
293.9
296.1
297.9
0.0
2.8
10.2
16.9
23.5
0.0
5.9
0
1.2
3.7
5.3
4.4
0
5.8
10.7
17.6
26.5
31
38.9
42.7
45.4
51.3
53
55.3
58.8
60.4
62.5
65.4
66.9
69.1
70
76.3
77.8
0.0
1.5
3.2
4.3
6.7
9.5
10.8
12.3
13.4
16.3
18.9
21.3
23.4
27.7
30.4
34.4
37.6
40.7
45.1
47.6
53.2
58.0
59.8
62.1
64.2
66.9
68.2
73.1
74.5
0.0
1.3
3.0
4.9
5.7
7.2
8.5
0
3.7
6
11.3
17.7
21.6
23.9
32.1
35.4
38.8
43.9
47.8
52.3
55.1
59.8
65.5
72.7
76.7
80.4
83.2
87.2
93.3
95.5
97.6
103.9
111.3
112.1
114.1
116.2
119.4
121.4
122.7
124.5
126.6
127.9
128.7
130.2
131.3
132.7
136.2
138
139.5
141.6
143.7
145.7
148.6
152.4
154.2
156
158
163.4
166.1
167
168.7
170.6
173.6
179.7
190.4
192.2
194.2
198.7
0.0
1.9
3.0
5.2
8.9
11.2
13.7
15.7
17.5
19.4
21.3
24.8
27.6
29.8
32.7
37.2
42.9
48.1
50.3
56.3
58.8
60.9
66.0
67.5
0.0
1.4
2.8
3.9
6.0
9.2
10.9
14.2
15.6
17.7
19.8
21.8
24.5
26.4
28.6
32.6
36.2
38.9
44.9
45.7
47.2
51.5
53.3
58.4
64.3
67.7
72.0
75.4
77.8
79.3
0.0
6.1
8.5
0.0
4.0
5.5
11.0
11.8
15.3
17.2
20.0
21.1
22.2
24.9
27.1
30.1
32.2
34.3
39.4
44.6
46.5
50.7
53.9
56.6
58.5
60.6
62.0
63.7
65.1
68.1
69.8
71.0
75.0
76.4
78.2
80.9
83.3
84.9
86.1
87.4
88.8
91.0
92.4
94.3
97.9
99.9
101.4
103.5
105.6
106.8
110.4
113.9
118.8
122.6
126.1
129.1
132.2
135.2
139.1
141.9
144.3
147.5
151.6
154.8
159.4
164.1
168.6
172.8
176.7
180.2
184.6
188.8
191.7
193.3
196.6
201.9
207.5
212.3
218.5
223.5
227.6
229.5
232.3
0.0
4.8
10.1
13.7
18.0
23.6
26.7
29.8
33.7
42.4
49.6
55.4
61.3
65.6
67.9
72.1
75.3
80.7
86.2
92.2
95.7
99.6
102.3
107.3
113.7
116.9
0.0
2.6
5.7
12.0
14.2
16.6
20.4
22.9
28.8
34.1
36.5
41.5
46.1
49.3
0
2.1
3
6.5
7.4
9.2
12.9
14.2
14.8
16.4
18.2
19.2
20.6
21.9
23.1
24.1
25.4
0
3.2
5.2
10.2
11.7
14.8
17.4
19.4
20.1
22.6
25.1
6.1
5.3
2.6
2.6
3.3
5.1
6.8
9
12.3
18.1
23.4
25
27.4
30
32.2
34.7
38.3
39.5
41.6
43.2
47.2
55.1
59.3
61.3
62.9
65.4
68.7
74.8
77.2
0
3.4
7.1
8.3
10.2
13.3
0
2.9
4.6
6.3
9.3
10.8
13.5
14.9
16.4
19.2
21.1
22.7
24.8
27.5
31.3
34.7
36.2
37.6
39.4
42.3
45.3
48.1
51.2
61.4
66.1
0
3.4
4.9
6.8
8
12.6
15.7
20.8
26.4
30
33
39.1
45.2
47.6
49.4
55.3
59.5
63.6
67.8
73.2
77.3
80.7
83.1
88.2
99.1
102.5
109.6
114.5
118.1
119.6
124.6
127.7
131.7
133.9
136.6
138.9
141.5
197.8
202.4
208.8
213.6
217.5
224.2
231
238.5
243.2
246.7
251.3
256.2
259.6
263.1
265.7
270
276.6
278.9
283.1
289.7
294.1
298.7
305.6
313.6
320
326.7
330.9
334.7
337.4
339.9
342.5
345.1
347.8
352.5
358
363.6
369.3
374.7
379.1
382
385.6
389.9
392.4
395.2
399.4
403
408.1
413.4
419.4
423.9
432.1
434.7
441.6
443.3
445.5
447.1
448.7
455.7
462.6
465.8
0
2.7
3.6
5.2
5.8
7.8
8.9
12.9
14.8
15.8
18.9
22.6
27.2
32.3
40.2
42.6
46.4
49.9
51.2
53.4
64.1
69
75.2
84.9
88
93.9
100.3
105.4
111.9
117.3
125.2
130.8
136.3
138.8
140.2
142.9
148
0
1.6
5.2
6.5
8.1
10.1
12.7
14.3
15.4
16.7
20.1
23.3
26.1
30.2
35.4
37.5
39.3
40.9
42.6
44.8
0
2
4.2
8.5
13.1
15.7
20.2
25
28
29.8
31.4
34.2
39.6
44.7
49.4
54.6
57.6
61.5
63.6
67.7
72.3
75.6
78.9
82.3
84.7
87.6
90.9
95.6
97.8
100.4
103.2
106.9
109.4
112.3
114.8
123.7
125.3
0
5.1
10.6
13.6
15.2
20.8
23.3
26
30.1
32.9
36.6
40.3
42.5
0
5.1
7.4
11.4
13.7
18.3
21.5
25.7
28.2
31.4
35.7
39.9
42.6
45.5
48.8
0
4.7
5.6
9.6
13.6
19.6
24
28.5
32.8
34.8
36.2
40
47.6
0
5.2
11
14.4
16.8
19.6
23.5
26.7
29.8
34.9
39.8
42.4
45.3
48.4
51.8
62.2
71.7
79
86.8
94.3
100.8
102.8
106.5
112.3
114.4
116.8
121.6
124.2
10.9
5.6
0
4
7.2
11.4
14.5
18.4
19.6
23.5
25.6
0
2.6
5
9.6
13
15
20.6
26.8
30.8
34.8
39.4
43.8
48.1
51
54.5
57.5
61.6
2.6
0
2
4.2
7.5
9
10.2
11.4
12.7
13.8
17.5
19.9
23.3
32.5
37.1
39.8
43.8
46
50.3
53
56.1
60.5
68.6
71.8
74.4
77.2
79.6
84.5
88.9
0
2.2
3.5
4.9
7.4
9.2
11.3
14.1
17.2
20.6
24
26.6
30.4
35
37.9
40.7
43.4
45.7
50
54.2
56.7
57.8
59.6
61
62.8
66.1
67.7
70.4
72.8
74.2
76
78.1
79.9
81.9
84.4
87.8
0
1.4
151.3
122.7
115.6
99.8
82
60.9
32.9
0
42.8
58.8
91.5
137.6
